top_idx=1,x_top=0.7586799647899636,y_top=0.9526183602969864
top_idx=2,x_top=0.6117840605678454,y_top=0.7495507603507059
