top_idx=1,x_top=0.9997301774748071
top_idx=2,x_top=0.9993077485337599
top_idx=3,x_top=0.9973387930844961
top_idx=4,x_top=0.997245171384539
