b=pan,i=1,x=0.3467901443380824,y=0.7268028627434533,a=pan
i=2,x=0.7586799647899636,y=0.5221511083334797,b=pan,a=eks
y=0.33831852551664776,b=wye,i=3,a=wye,x=0.20460330576630303
x=0.38139939387114097,b=wye,i=4,a=eks,y=0.13418874328430463
y=0.8636244699032729,a=wye,x=0.5732889198020006,i=5,b=pan
y=0.49322128674835697,i=6,a=zee,b=pan,x=0.5271261600918548
a=eks,i=7,b=zee,x=0.6117840605678454,y=0.1878849191181694
x=0.5985540091064224,b=wye,i=8,a=zee,y=0.976181385699006
i=9,a=hat,b=wye,x=0.03144187646093577,y=0.7495507603507059
y=0.9526183602969864,x=0.5026260055412137,a=pan,i=10,b=wye
