sum.pan.pan=1,sum.pan.wye=10,sum.eks.pan=2,sum.eks.wye=4,sum.eks.zee=7,sum.wye.wye=3,sum.wye.pan=5,sum.zee.pan=6,sum.zee.wye=8,sum.hat.wye=9
x=0.20460330576630303
v.a=eks,v.b=zee,v.i=7,v.x=0.6117840605678454,v.y=0.1878849191181694
